 atomic_number | atomic_mass | melting_point_celsius | boiling_point_celsius | type_id 
---------------+-------------+-----------------------+-----------------------+---------
             3 |        6.94 |                180.54 |                  1342 |       1
             4 |      9.0122 |                  1287 |                  2470 |       1
             1 |       1.008 |                -259.1 |                -252.9 |       2
             2 |      4.0026 |                -272.2 |                  -269 |       2
             6 |      12.011 |                  3550 |                  4027 |       2
             7 |      14.007 |                -210.1 |                -195.8 |       2
             8 |      15.999 |                  -218 |                  -183 |       2
             5 |       10.81 |                  2075 |                  4000 |       3
             9 |      18.998 |                  -220 |                -188.1 |       2
            10 |       20.18 |                -248.6 |                -246.1 |       2
(10 rows)

